[5,-2,-1,-2,-1,-3,0,-2,-1,-128,-1,-2,-1,-1,-128,-1,-1,-2,1,0,-128,0,-3,-1,-2,-1,-128,-128,-128,-128,-128,-128,
-2,5,-3,5,1,-4,-1,0,-4,-128,0,-4,-3,4,-128,-2,0,-1,0,0,-128,-4,-5,-1,-3,2,-128,-128,-128,-128,-128,-128,
-1,-3,13,-4,-3,-2,-3,-3,-2,-128,-3,-2,-2,-2,-128,-4,-3,-4,-1,-1,-128,-1,-5,-2,-3,-3,-128,-128,-128,-128,-128,-128,
-2,5,-4,8,2,-5,-1,-1,-4,-128,-1,-4,-4,2,-128,-1,0,-2,0,-1,-128,-4,-5,-1,-3,1,-128,-128,-128,-128,-128,-128,
-1,1,-3,2,6,-3,-3,0,-4,-128,1,-3,-2,0,-128,-1,2,0,-1,-1,-128,-3,-3,-1,-2,5,-128,-128,-128,-128,-128,-128,
-3,-4,-2,-5,-3,8,-4,-1,0,-128,-4,1,0,-4,-128,-4,-4,-3,-3,-2,-128,-1,1,-2,4,-4,-128,-128,-128,-128,-128,-128,
0,-1,-3,-1,-3,-4,8,-2,-4,-128,-2,-4,-3,0,-128,-2,-2,-3,0,-2,-128,-4,-3,-2,-3,-2,-128,-128,-128,-128,-128,-128,
-2,0,-3,-1,0,-1,-2,10,-4,-128,0,-3,-1,1,-128,-2,1,0,-1,-2,-128,-4,-3,-1,2,0,-128,-128,-128,-128,-128,-128,
-1,-4,-2,-4,-4,0,-4,-4,5,-128,-3,2,2,-3,-128,-3,-3,-4,-3,-1,-128,4,-3,-1,-1,-3,-128,-128,-128,-128,-128,-128,
-128,-128,-128,-128,-128,-128,-128,-128,-128,-128,-128,-128,-128,-128,-128,-128,-128,-128,-128,-128,-128,-128,-128,-128,-128,-128,-128,-128,-128,-128,-128,-128,
-1,0,-3,-1,1,-4,-2,0,-3,-128,6,-3,-2,0,-128,-1,2,3,0,-1,-128,-3,-3,-1,-2,1,-128,-128,-128,-128,-128,-128,
-2,-4,-2,-4,-3,1,-4,-3,2,-128,-3,5,3,-4,-128,-4,-2,-3,-3,-1,-128,1,-2,-1,-1,-3,-128,-128,-128,-128,-128,-128,
-1,-3,-2,-4,-2,0,-3,-1,2,-128,-2,3,7,-2,-128,-3,0,-2,-2,-1,-128,1,-1,-1,0,-1,-128,-128,-128,-128,-128,-128,
-1,4,-2,2,0,-4,0,1,-3,-128,0,-4,-2,7,-128,-2,0,-1,1,0,-128,-3,-4,-1,-2,0,-128,-128,-128,-128,-128,-128,
-128,-128,-128,-128,-128,-128,-128,-128,-128,-128,-128,-128,-128,-128,-128,-128,-128,-128,-128,-128,-128,-128,-128,-128,-128,-128,-128,-128,-128,-128,-128,-128,
-1,-2,-4,-1,-1,-4,-2,-2,-3,-128,-1,-4,-3,-2,-128,10,-1,-3,-1,-1,-128,-3,-4,-2,-3,-1,-128,-128,-128,-128,-128,-128,
-1,0,-3,0,2,-4,-2,1,-3,-128,2,-2,0,0,-128,-1,7,1,0,-1,-128,-3,-1,-1,-1,4,-128,-128,-128,-128,-128,-128,
-2,-1,-4,-2,0,-3,-3,0,-4,-128,3,-3,-2,-1,-128,-3,1,7,-1,-1,-128,-3,-3,-1,-1,0,-128,-128,-128,-128,-128,-128,
1,0,-1,0,-1,-3,0,-1,-3,-128,0,-3,-2,1,-128,-1,0,-1,5,2,-128,-2,-4,-1,-2,0,-128,-128,-128,-128,-128,-128,
0,0,-1,-1,-1,-2,-2,-2,-1,-128,-1,-1,-1,0,-128,-1,-1,-1,2,5,-128,0,-3,0,-2,-1,-128,-128,-128,-128,-128,-128,
-128,-128,-128,-128,-128,-128,-128,-128,-128,-128,-128,-128,-128,-128,-128,-128,-128,-128,-128,-128,-128,-128,-128,-128,-128,-128,-128,-128,-128,-128,-128,-128,
0,-4,-1,-4,-3,-1,-4,-4,4,-128,-3,1,1,-3,-128,-3,-3,-3,-2,0,-128,5,-3,-1,-1,-3,-128,-128,-128,-128,-128,-128,
-3,-5,-5,-5,-3,1,-3,-3,-3,-128,-3,-2,-1,-4,-128,-4,-1,-3,-4,-3,-128,-3,15,-3,2,-2,-128,-128,-128,-128,-128,-128,
-1,-1,-2,-1,-1,-2,-2,-1,-1,-128,-1,-1,-1,-1,-128,-2,-1,-1,-1,0,-128,-1,-3,-1,-1,-1,-128,-128,-128,-128,-128,-128,
-2,-3,-3,-3,-2,4,-3,2,-1,-128,-2,-1,0,-2,-128,-3,-1,-1,-2,-2,-128,-1,2,-1,8,-2,-128,-128,-128,-128,-128,-128,
-1,2,-3,1,5,-4,-2,0,-3,-128,1,-3,-1,0,-128,-1,4,0,0,-1,-128,-3,-2,-1,-2,5,-128,-128,-128,-128,-128,-128,
-128,-128,-128,-128,-128,-128,-128,-128,-128,-128,-128,-128,-128,-128,-128,-128,-128,-128,-128,-128,-128,-128,-128,-128,-128,-128,-128,-128,-128,-128,-128,-128,
]