[4,-1,-3,-1,0,-5,1,-3,-2,-128,-3,-3,-2,-1,-128,1,-2,-3,1,1,-128,0,-7,-1,-4,-1,-128,-128,-128,-128,-128,-128,
-1,4,-6,4,3,-6,-1,1,-3,-128,0,-5,-4,4,-128,-3,0,-3,0,-1,-128,-4,-6,-2,-4,2,-128,-128,-128,-128,-128,-128,
-3,-6,9,-7,-8,-7,-5,-4,-3,-128,-8,-8,-7,-5,-128,-4,-8,-5,-1,-4,-128,-3,-9,-5,-1,-8,-128,-128,-128,-128,-128,-128,
-1,4,-7,5,4,-8,-1,-1,-4,-128,-1,-6,-5,3,-128,-3,0,-4,-1,-2,-128,-4,-9,-2,-6,3,-128,-128,-128,-128,-128,-128,
0,3,-8,4,5,-8,-1,-1,-3,-128,-1,-5,-4,1,-128,-2,2,-3,-1,-2,-128,-3,-9,-2,-5,4,-128,-128,-128,-128,-128,-128,
-5,-6,-7,-8,-8,8,-6,-3,0,-128,-7,0,-1,-5,-128,-6,-7,-6,-4,-5,-128,-3,-1,-4,4,-7,-128,-128,-128,-128,-128,-128,
1,-1,-5,-1,-1,-6,5,-4,-5,-128,-3,-6,-4,-1,-128,-2,-3,-5,0,-2,-128,-3,-9,-2,-7,-2,-128,-128,-128,-128,-128,-128,
-3,1,-4,-1,-1,-3,-4,7,-4,-128,-2,-3,-4,2,-128,-1,3,1,-2,-3,-128,-3,-4,-2,-1,1,-128,-128,-128,-128,-128,-128,
-2,-3,-3,-4,-3,0,-5,-4,6,-128,-3,1,1,-3,-128,-4,-4,-3,-3,0,-128,3,-7,-2,-3,-3,-128,-128,-128,-128,-128,-128,
-128,-128,-128,-128,-128,-128,-128,-128,-128,-128,-128,-128,-128,-128,-128,-128,-128,-128,-128,-128,-128,-128,-128,-128,-128,-128,-128,-128,-128,-128,-128,-128,
-3,0,-8,-1,-1,-7,-3,-2,-3,-128,5,-4,0,1,-128,-3,0,2,-1,-1,-128,-4,-6,-2,-6,-1,-128,-128,-128,-128,-128,-128,
-3,-5,-8,-6,-5,0,-6,-3,1,-128,-4,6,3,-4,-128,-4,-2,-5,-4,-3,-128,0,-3,-3,-3,-4,-128,-128,-128,-128,-128,-128,
-2,-4,-7,-5,-4,-1,-4,-4,1,-128,0,3,9,-4,-128,-4,-2,-1,-3,-1,-128,1,-6,-2,-5,-2,-128,-128,-128,-128,-128,-128,
-1,4,-5,3,1,-5,-1,2,-3,-128,1,-4,-4,5,-128,-2,-1,-2,1,0,-128,-3,-5,-1,-2,0,-128,-128,-128,-128,-128,-128,
-128,-128,-128,-128,-128,-128,-128,-128,-128,-128,-128,-128,-128,-128,-128,-128,-128,-128,-128,-128,-128,-128,-128,-128,-128,-128,-128,-128,-128,-128,-128,-128,
1,-3,-4,-3,-2,-6,-2,-1,-4,-128,-3,-4,-4,-2,-128,7,-1,-1,0,-1,-128,-3,-7,-2,-7,-1,-128,-128,-128,-128,-128,-128,
-2,0,-8,0,2,-7,-3,3,-4,-128,0,-2,-2,-1,-128,-1,6,1,-2,-2,-128,-3,-7,-2,-6,5,-128,-128,-128,-128,-128,-128,
-3,-3,-5,-4,-3,-6,-5,1,-3,-128,2,-5,-1,-2,-128,-1,1,7,-1,-3,-128,-4,1,-2,-6,-1,-128,-128,-128,-128,-128,-128,
1,0,-1,-1,-1,-4,0,-2,-3,-128,-1,-4,-3,1,-128,0,-2,-1,4,2,-128,-2,-3,-1,-4,-2,-128,-128,-128,-128,-128,-128,
1,-1,-4,-2,-2,-5,-2,-3,0,-128,-1,-3,-1,0,-128,-1,-2,-3,2,5,-128,0,-7,-1,-4,-2,-128,-128,-128,-128,-128,-128,
-128,-128,-128,-128,-128,-128,-128,-128,-128,-128,-128,-128,-128,-128,-128,-128,-128,-128,-128,-128,-128,-128,-128,-128,-128,-128,-128,-128,-128,-128,-128,-128,
0,-4,-3,-4,-3,-3,-3,-3,3,-128,-4,0,1,-3,-128,-3,-3,-4,-2,0,-128,5,-9,-2,-4,-3,-128,-128,-128,-128,-128,-128,
-7,-6,-9,-9,-9,-1,-9,-4,-7,-128,-6,-3,-6,-5,-128,-7,-7,1,-3,-7,-128,-9,12,-6,-2,-8,-128,-128,-128,-128,-128,-128,
-1,-2,-5,-2,-2,-4,-2,-2,-2,-128,-2,-3,-2,-1,-128,-2,-2,-2,-1,-1,-128,-2,-6,-2,-4,-2,-128,-128,-128,-128,-128,-128,
-4,-4,-1,-6,-5,4,-7,-1,-3,-128,-6,-3,-5,-2,-128,-7,-6,-6,-4,-4,-128,-4,-2,-4,9,-6,-128,-128,-128,-128,-128,-128,
-1,2,-8,3,4,-7,-2,1,-3,-128,-1,-4,-2,0,-128,-1,5,-1,-2,-2,-128,-3,-8,-2,-6,5,-128,-128,-128,-128,-128,-128,
-128,-128,-128,-128,-128,-128,-128,-128,-128,-128,-128,-128,-128,-128,-128,-128,-128,-128,-128,-128,-128,-128,-128,-128,-128,-128,-128,-128,-128,-128,-128,-128,
]