[7,-3,-1,-3,-2,-4,0,-3,-3,-128,-1,-3,-2,-3,-128,-1,-2,-3,2,0,-128,-1,-5,-1,-4,-2,-128,-128,-128,-128,-128,-128,
-3,6,-6,6,1,-6,-2,-1,-6,-128,-1,-7,-5,5,-128,-4,-1,-2,0,-1,-128,-6,-8,-3,-5,0,-128,-128,-128,-128,-128,-128,
-1,-6,13,-7,-7,-4,-6,-7,-2,-128,-6,-3,-3,-5,-128,-6,-5,-6,-2,-2,-128,-2,-5,-4,-5,-7,-128,-128,-128,-128,-128,-128,
-3,6,-7,10,2,-6,-3,-2,-7,-128,-2,-7,-6,2,-128,-3,-1,-3,-1,-2,-128,-6,-8,-3,-6,1,-128,-128,-128,-128,-128,-128,
-2,1,-7,2,8,-6,-4,0,-6,-128,1,-6,-4,-1,-128,-2,3,-1,-1,-2,-128,-4,-6,-2,-5,6,-128,-128,-128,-128,-128,-128,
-4,-6,-4,-6,-6,10,-6,-2,-1,-128,-5,0,0,-6,-128,-6,-5,-5,-4,-4,-128,-2,0,-3,4,-6,-128,-128,-128,-128,-128,-128,
0,-2,-6,-3,-4,-6,9,-4,-7,-128,-3,-7,-5,-1,-128,-5,-4,-4,-1,-3,-128,-6,-6,-3,-6,-4,-128,-128,-128,-128,-128,-128,
-3,-1,-7,-2,0,-2,-4,12,-6,-128,-1,-5,-4,1,-128,-4,1,0,-2,-3,-128,-5,-4,-2,3,0,-128,-128,-128,-128,-128,-128,
-3,-6,-2,-7,-6,-1,-7,-6,7,-128,-5,2,2,-6,-128,-5,-5,-5,-4,-2,-128,4,-5,-2,-3,-6,-128,-128,-128,-128,-128,-128,
-128,-128,-128,-128,-128,-128,-128,-128,-128,-128,-128,-128,-128,-128,-128,-128,-128,-128,-128,-128,-128,-128,-128,-128,-128,-128,-128,-128,-128,-128,-128,-128,
-1,-1,-6,-2,1,-5,-3,-1,-5,-128,8,-4,-3,0,-128,-2,2,3,-1,-1,-128,-4,-6,-2,-4,1,-128,-128,-128,-128,-128,-128,
-3,-7,-3,-7,-6,0,-7,-5,2,-128,-4,6,3,-6,-128,-5,-4,-4,-4,-3,-128,1,-4,-2,-2,-5,-128,-128,-128,-128,-128,-128,
-2,-5,-3,-6,-4,0,-5,-4,2,-128,-3,3,9,-4,-128,-4,-1,-3,-3,-1,-128,1,-3,-2,-3,-3,-128,-128,-128,-128,-128,-128,
-3,5,-5,2,-1,-6,-1,1,-6,-128,0,-6,-4,9,-128,-4,0,-1,1,0,-128,-5,-7,-2,-4,-1,-128,-128,-128,-128,-128,-128,
-128,-128,-128,-128,-128,-128,-128,-128,-128,-128,-128,-128,-128,-128,-128,-128,-128,-128,-128,-128,-128,-128,-128,-128,-128,-128,-128,-128,-128,-128,-128,-128,
-1,-4,-6,-3,-2,-6,-5,-4,-5,-128,-2,-5,-4,-4,-128,12,-3,-3,-2,-3,-128,-4,-7,-3,-6,-2,-128,-128,-128,-128,-128,-128,
-2,-1,-5,-1,3,-5,-4,1,-5,-128,2,-4,-1,0,-128,-3,9,1,-1,-1,-128,-4,-4,-2,-3,5,-128,-128,-128,-128,-128,-128,
-3,-2,-6,-3,-1,-5,-4,0,-5,-128,3,-4,-3,-1,-128,-3,1,9,-2,-2,-128,-4,-5,-2,-4,0,-128,-128,-128,-128,-128,-128,
2,0,-2,-1,-1,-4,-1,-2,-4,-128,-1,-4,-3,1,-128,-2,-1,-2,7,2,-128,-3,-6,-1,-3,-1,-128,-128,-128,-128,-128,-128,
0,-1,-2,-2,-2,-4,-3,-3,-2,-128,-1,-3,-1,0,-128,-3,-1,-2,2,8,-128,0,-5,-1,-3,-2,-128,-128,-128,-128,-128,-128,
-128,-128,-128,-128,-128,-128,-128,-128,-128,-128,-128,-128,-128,-128,-128,-128,-128,-128,-128,-128,-128,-128,-128,-128,-128,-128,-128,-128,-128,-128,-128,-128,
-1,-6,-2,-6,-4,-2,-6,-5,4,-128,-4,1,1,-5,-128,-4,-4,-4,-3,0,-128,7,-5,-2,-3,-4,-128,-128,-128,-128,-128,-128,
-5,-8,-5,-8,-6,0,-6,-4,-5,-128,-6,-4,-3,-7,-128,-7,-4,-5,-6,-5,-128,-5,16,-5,3,-5,-128,-128,-128,-128,-128,-128,
-1,-3,-4,-3,-2,-3,-3,-2,-2,-128,-2,-2,-2,-2,-128,-3,-2,-2,-1,-1,-128,-2,-5,-2,-3,-1,-128,-128,-128,-128,-128,-128,
-4,-5,-5,-6,-5,4,-6,3,-3,-128,-4,-2,-3,-4,-128,-6,-3,-4,-3,-3,-128,-3,3,-3,11,-4,-128,-128,-128,-128,-128,-128,
-2,0,-7,1,6,-6,-4,0,-6,-128,1,-5,-3,-1,-128,-2,5,0,-1,-2,-128,-4,-5,-1,-4,6,-128,-128,-128,-128,-128,-128,
-128,-128,-128,-128,-128,-128,-128,-128,-128,-128,-128,-128,-128,-128,-128,-128,-128,-128,-128,-128,-128,-128,-128,-128,-128,-128,-128,-128,-128,-128,-128,-128,
]