[3,0,-3,0,0,-4,1,-3,-1,-128,-2,-3,-2,-1,-128,1,-1,-3,1,1,-128,0,-7,-1,-4,-1,-128,-128,-128,-128,-128,-128,
0,4,-6,4,3,-5,0,1,-3,-128,0,-4,-4,3,-128,-2,0,-2,0,0,-128,-3,-6,-1,-3,2,-128,-128,-128,-128,-128,-128,
-3,-6,9,-7,-7,-6,-4,-4,-3,-128,-7,-7,-6,-5,-128,-4,-7,-4,0,-3,-128,-3,-8,-4,-1,-7,-128,-128,-128,-128,-128,-128,
0,4,-7,5,3,-7,0,0,-3,-128,-1,-5,-4,2,-128,-3,1,-3,0,-1,-128,-3,-8,-2,-5,3,-128,-128,-128,-128,-128,-128,
0,3,-7,3,5,-7,-1,-1,-3,-128,-1,-4,-3,1,-128,-2,2,-3,-1,-2,-128,-3,-8,-1,-5,4,-128,-128,-128,-128,-128,-128,
-4,-5,-6,-7,-7,8,-5,-3,0,-128,-7,0,-1,-4,-128,-5,-6,-5,-3,-4,-128,-3,-1,-3,4,-6,-128,-128,-128,-128,-128,-128,
1,0,-4,0,-1,-5,5,-4,-4,-128,-3,-5,-4,0,-128,-2,-3,-4,1,-1,-128,-2,-8,-2,-6,-2,-128,-128,-128,-128,-128,-128,
-3,1,-4,0,-1,-3,-4,7,-4,-128,-2,-3,-4,2,-128,-1,3,1,-2,-3,-128,-3,-3,-2,-1,1,-128,-128,-128,-128,-128,-128,
-1,-3,-3,-3,-3,0,-4,-4,6,-128,-3,1,1,-2,-128,-3,-3,-2,-2,0,-128,3,-6,-1,-2,-3,-128,-128,-128,-128,-128,-128,
-128,-128,-128,-128,-128,-128,-128,-128,-128,-128,-128,-128,-128,-128,-128,-128,-128,-128,-128,-128,-128,-128,-128,-128,-128,-128,-128,-128,-128,-128,-128,-128,
-2,0,-7,-1,-1,-7,-3,-2,-3,-128,5,-4,0,1,-128,-2,0,2,-1,-1,-128,-4,-5,-2,-5,-1,-128,-128,-128,-128,-128,-128,
-3,-4,-7,-5,-4,0,-5,-3,1,-128,-4,5,3,-4,-128,-3,-2,-4,-4,-3,-128,1,-3,-2,-2,-3,-128,-128,-128,-128,-128,-128,
-2,-4,-6,-4,-3,-1,-4,-4,1,-128,0,3,8,-3,-128,-3,-1,-1,-2,-1,-128,1,-6,-2,-4,-2,-128,-128,-128,-128,-128,-128,
-1,3,-5,2,1,-4,0,2,-2,-128,1,-4,-3,4,-128,-2,0,-1,1,0,-128,-3,-4,-1,-2,0,-128,-128,-128,-128,-128,-128,
-128,-128,-128,-128,-128,-128,-128,-128,-128,-128,-128,-128,-128,-128,-128,-128,-128,-128,-128,-128,-128,-128,-128,-128,-128,-128,-128,-128,-128,-128,-128,-128,
1,-2,-4,-3,-2,-5,-2,-1,-3,-128,-2,-3,-3,-2,-128,6,0,-1,1,-1,-128,-2,-7,-2,-6,-1,-128,-128,-128,-128,-128,-128,
-1,0,-7,1,2,-6,-3,3,-3,-128,0,-2,-1,0,-128,0,6,1,-2,-2,-128,-3,-6,-1,-5,4,-128,-128,-128,-128,-128,-128,
-3,-2,-4,-3,-3,-5,-4,1,-2,-128,2,-4,-1,-1,-128,-1,1,6,-1,-2,-128,-3,1,-2,-5,-1,-128,-128,-128,-128,-128,-128,
1,0,0,0,-1,-3,1,-2,-2,-128,-1,-4,-2,1,-128,1,-2,-1,3,2,-128,-2,-2,-1,-3,-1,-128,-128,-128,-128,-128,-128,
1,0,-3,-1,-2,-4,-1,-3,0,-128,-1,-3,-1,0,-128,-1,-2,-2,2,4,-128,0,-6,-1,-3,-2,-128,-128,-128,-128,-128,-128,
-128,-128,-128,-128,-128,-128,-128,-128,-128,-128,-128,-128,-128,-128,-128,-128,-128,-128,-128,-128,-128,-128,-128,-128,-128,-128,-128,-128,-128,-128,-128,-128,
0,-3,-3,-3,-3,-3,-2,-3,3,-128,-4,1,1,-3,-128,-2,-3,-3,-2,0,-128,5,-8,-1,-3,-3,-128,-128,-128,-128,-128,-128,
-7,-6,-8,-8,-8,-1,-8,-3,-6,-128,-5,-3,-6,-4,-128,-7,-6,1,-2,-6,-128,-8,12,-5,-2,-7,-128,-128,-128,-128,-128,-128,
-1,-1,-4,-2,-1,-3,-2,-2,-1,-128,-2,-2,-2,-1,-128,-2,-1,-2,-1,-1,-128,-1,-5,-2,-3,-1,-128,-128,-128,-128,-128,-128,
-4,-3,-1,-5,-5,4,-6,-1,-2,-128,-5,-2,-4,-2,-128,-6,-5,-5,-3,-3,-128,-3,-2,-3,8,-5,-128,-128,-128,-128,-128,-128,
-1,2,-7,3,4,-6,-2,1,-3,-128,-1,-3,-2,0,-128,-1,4,-1,-1,-2,-128,-3,-7,-1,-5,4,-128,-128,-128,-128,-128,-128,
-128,-128,-128,-128,-128,-128,-128,-128,-128,-128,-128,-128,-128,-128,-128,-128,-128,-128,-128,-128,-128,-128,-128,-128,-128,-128,-128,-128,-128,-128,-128,-128,
]