[2,0,-2,0,0,-3,1,-2,-1,-128,-2,-2,-1,0,-128,1,-1,-2,1,1,-128,0,-5,0,-3,0,-128,-128,-128,-128,-128,-128,
0,3,-4,3,2,-4,0,1,-2,-128,0,-4,-3,2,-128,-1,1,-1,0,0,-128,-2,-5,-1,-3,2,-128,-128,-128,-128,-128,-128,
-2,-4,9,-5,-5,-5,-3,-3,-2,-128,-5,-6,-5,-4,-128,-3,-5,-3,0,-2,-128,-2,-7,-3,0,-5,-128,-128,-128,-128,-128,-128,
0,3,-5,4,3,-6,0,0,-3,-128,0,-4,-3,2,-128,-2,1,-2,0,-1,-128,-3,-6,-1,-4,2,-128,-128,-128,-128,-128,-128,
0,2,-5,3,4,-5,0,0,-2,-128,-1,-3,-2,1,-128,-1,2,-2,0,-1,-128,-2,-7,-1,-4,3,-128,-128,-128,-128,-128,-128,
-3,-4,-5,-6,-5,7,-4,-2,0,-128,-5,1,0,-3,-128,-4,-5,-4,-3,-3,-128,-2,-1,-3,5,-5,-128,-128,-128,-128,-128,-128,
1,0,-3,0,0,-4,4,-3,-3,-128,-2,-4,-3,0,-128,-1,-2,-3,1,-1,-128,-2,-7,-1,-5,-1,-128,-128,-128,-128,-128,-128,
-2,1,-3,0,0,-2,-3,6,-3,-128,-1,-2,-3,2,-128,-1,2,1,-1,-2,-128,-2,-3,-1,0,1,-128,-128,-128,-128,-128,-128,
-1,-2,-2,-3,-2,0,-3,-3,5,-128,-2,2,2,-2,-128,-2,-2,-2,-2,0,-128,3,-5,-1,-2,-2,-128,-128,-128,-128,-128,-128,
-128,-128,-128,-128,-128,-128,-128,-128,-128,-128,-128,-128,-128,-128,-128,-128,-128,-128,-128,-128,-128,-128,-128,-128,-128,-128,-128,-128,-128,-128,-128,-128,
-2,0,-5,0,-1,-5,-2,-1,-2,-128,4,-3,0,1,-128,-2,0,3,-1,0,-128,-3,-4,-1,-4,0,-128,-128,-128,-128,-128,-128,
-2,-4,-6,-4,-3,1,-4,-2,2,-128,-3,5,3,-3,-128,-3,-2,-3,-3,-2,-128,1,-2,-2,-2,-3,-128,-128,-128,-128,-128,-128,
-1,-3,-5,-3,-2,0,-3,-3,2,-128,0,3,7,-2,-128,-2,-1,-1,-2,-1,-128,1,-4,-1,-3,-2,-128,-128,-128,-128,-128,-128,
0,2,-4,2,1,-3,0,2,-2,-128,1,-3,-2,3,-128,-1,0,-1,1,0,-128,-2,-4,0,-2,1,-128,-128,-128,-128,-128,-128,
-128,-128,-128,-128,-128,-128,-128,-128,-128,-128,-128,-128,-128,-128,-128,-128,-128,-128,-128,-128,-128,-128,-128,-128,-128,-128,-128,-128,-128,-128,-128,-128,
1,-1,-3,-2,-1,-4,-1,-1,-2,-128,-2,-3,-2,-1,-128,5,0,-1,1,0,-128,-2,-5,-1,-5,-1,-128,-128,-128,-128,-128,-128,
-1,1,-5,1,2,-5,-2,2,-2,-128,0,-2,-1,0,-128,0,5,1,-1,-1,-128,-2,-5,-1,-4,3,-128,-128,-128,-128,-128,-128,
-2,-1,-3,-2,-2,-4,-3,1,-2,-128,3,-3,-1,-1,-128,-1,1,6,-1,-1,-128,-3,1,-1,-4,0,-128,-128,-128,-128,-128,-128,
1,0,0,0,0,-3,1,-1,-2,-128,-1,-3,-2,1,-128,1,-1,-1,2,1,-128,-1,-2,0,-3,-1,-128,-128,-128,-128,-128,-128,
1,0,-2,-1,-1,-3,-1,-2,0,-128,0,-2,-1,0,-128,0,-1,-1,1,3,-128,0,-5,0,-3,-1,-128,-128,-128,-128,-128,-128,
-128,-128,-128,-128,-128,-128,-128,-128,-128,-128,-128,-128,-128,-128,-128,-128,-128,-128,-128,-128,-128,-128,-128,-128,-128,-128,-128,-128,-128,-128,-128,-128,
0,-2,-2,-3,-2,-2,-2,-2,3,-128,-3,1,1,-2,-128,-2,-2,-3,-1,0,-128,4,-6,-1,-3,-2,-128,-128,-128,-128,-128,-128,
-5,-5,-7,-6,-7,-1,-7,-3,-5,-128,-4,-2,-4,-4,-128,-5,-5,1,-2,-5,-128,-6,12,-4,-1,-6,-128,-128,-128,-128,-128,-128,
0,-1,-3,-1,-1,-3,-1,-1,-1,-128,-1,-2,-1,0,-128,-1,-1,-1,0,0,-128,-1,-4,-1,-3,-1,-128,-128,-128,-128,-128,-128,
-3,-3,0,-4,-4,5,-5,0,-2,-128,-4,-2,-3,-2,-128,-5,-4,-4,-3,-3,-128,-3,-1,-3,8,-4,-128,-128,-128,-128,-128,-128,
0,2,-5,2,3,-5,-1,1,-2,-128,0,-3,-2,1,-128,-1,3,0,-1,-1,-128,-2,-6,-1,-4,3,-128,-128,-128,-128,-128,-128,
-128,-128,-128,-128,-128,-128,-128,-128,-128,-128,-128,-128,-128,-128,-128,-128,-128,-128,-128,-128,-128,-128,-128,-128,-128,-128,-128,-128,-128,-128,-128,-128,
]