[3,0,-3,0,0,-4,1,-2,-1,-128,-2,-2,-2,0,-128,1,-1,-2,1,1,-128,0,-7,0,-4,0,-128,-128,-128,-128,-128,-128,
0,3,-5,4,3,-6,0,1,-3,-128,0,-4,-3,3,-128,-1,1,-1,1,0,-128,-3,-6,-1,-4,2,-128,-128,-128,-128,-128,-128,
-3,-5,12,-6,-7,-6,-4,-4,-3,-128,-7,-7,-6,-5,-128,-4,-7,-4,0,-3,-128,-2,-9,-4,0,-7,-128,-128,-128,-128,-128,-128,
0,4,-6,5,4,-7,0,0,-3,-128,0,-5,-4,3,-128,-2,2,-2,0,0,-128,-3,-8,-1,-5,3,-128,-128,-128,-128,-128,-128,
0,3,-7,4,5,-7,0,0,-3,-128,0,-4,-3,2,-128,-1,3,-2,0,-1,-128,-2,-9,-1,-5,4,-128,-128,-128,-128,-128,-128,
-4,-6,-6,-7,-7,10,-6,-2,1,-128,-7,2,0,-4,-128,-6,-6,-5,-4,-4,-128,-2,0,-3,7,-6,-128,-128,-128,-128,-128,-128,
1,0,-4,0,0,-6,6,-3,-3,-128,-2,-5,-4,0,-128,-1,-2,-4,1,0,-128,-2,-8,-1,-6,-1,-128,-128,-128,-128,-128,-128,
-2,1,-4,0,0,-2,-3,8,-3,-128,-1,-3,-3,2,-128,-1,3,2,-1,-2,-128,-3,-3,-1,0,2,-128,-128,-128,-128,-128,-128,
-1,-3,-3,-3,-3,1,-3,-3,6,-128,-2,2,2,-2,-128,-3,-3,-2,-2,0,-128,4,-6,-1,-2,-3,-128,-128,-128,-128,-128,-128,
-128,-128,-128,-128,-128,-128,-128,-128,-128,-128,-128,-128,-128,-128,-128,-128,-128,-128,-128,-128,-128,-128,-128,-128,-128,-128,-128,-128,-128,-128,-128,-128,
-2,0,-7,0,0,-7,-2,-1,-2,-128,6,-4,1,1,-128,-2,1,4,0,0,-128,-3,-4,-1,-5,0,-128,-128,-128,-128,-128,-128,
-2,-4,-7,-5,-4,2,-5,-3,2,-128,-4,7,4,-4,-128,-3,-2,-4,-4,-2,-128,2,-2,-2,-2,-3,-128,-128,-128,-128,-128,-128,
-2,-3,-6,-4,-3,0,-4,-3,2,-128,1,4,8,-2,-128,-3,-1,-1,-2,-1,-128,2,-5,-1,-3,-2,-128,-128,-128,-128,-128,-128,
0,3,-5,3,2,-4,0,2,-2,-128,1,-4,-2,3,-128,-1,1,0,1,0,-128,-2,-5,0,-2,1,-128,-128,-128,-128,-128,-128,
-128,-128,-128,-128,-128,-128,-128,-128,-128,-128,-128,-128,-128,-128,-128,-128,-128,-128,-128,-128,-128,-128,-128,-128,-128,-128,-128,-128,-128,-128,-128,-128,
1,-1,-4,-2,-1,-6,-1,-1,-3,-128,-2,-3,-3,-1,-128,7,0,0,1,0,-128,-2,-7,-1,-6,-1,-128,-128,-128,-128,-128,-128,
-1,1,-7,2,3,-6,-2,3,-3,-128,1,-2,-1,1,-128,0,5,1,-1,-1,-128,-3,-6,-1,-5,4,-128,-128,-128,-128,-128,-128,
-2,-1,-4,-2,-2,-5,-4,2,-2,-128,4,-4,-1,0,-128,0,1,7,-1,-1,-128,-3,2,-1,-5,0,-128,-128,-128,-128,-128,-128,
1,1,0,0,0,-4,1,-1,-2,-128,0,-4,-2,1,-128,1,-1,-1,2,2,-128,-1,-3,0,-3,-1,-128,-128,-128,-128,-128,-128,
1,0,-3,0,-1,-4,0,-2,0,-128,0,-2,-1,0,-128,0,-1,-1,2,4,-128,0,-6,0,-3,-1,-128,-128,-128,-128,-128,-128,
-128,-128,-128,-128,-128,-128,-128,-128,-128,-128,-128,-128,-128,-128,-128,-128,-128,-128,-128,-128,-128,-128,-128,-128,-128,-128,-128,-128,-128,-128,-128,-128,
0,-3,-2,-3,-2,-2,-2,-3,4,-128,-3,2,2,-2,-128,-2,-3,-3,-1,0,-128,5,-8,-1,-3,-2,-128,-128,-128,-128,-128,-128,
-7,-6,-9,-8,-9,0,-8,-3,-6,-128,-4,-2,-5,-5,-128,-7,-6,2,-3,-6,-128,-8,18,-5,-1,-7,-128,-128,-128,-128,-128,-128,
0,-1,-4,-1,-1,-3,-1,-1,-1,-128,-1,-2,-1,0,-128,-1,-1,-1,0,0,-128,-1,-5,-1,-3,-1,-128,-128,-128,-128,-128,-128,
-4,-4,0,-5,-5,7,-6,0,-2,-128,-5,-2,-3,-2,-128,-6,-5,-5,-3,-3,-128,-3,-1,-3,11,-5,-128,-128,-128,-128,-128,-128,
0,2,-7,3,4,-6,-1,2,-3,-128,0,-3,-2,1,-128,-1,4,0,-1,-1,-128,-2,-7,-1,-5,4,-128,-128,-128,-128,-128,-128,
-128,-128,-128,-128,-128,-128,-128,-128,-128,-128,-128,-128,-128,-128,-128,-128,-128,-128,-128,-128,-128,-128,-128,-128,-128,-128,-128,-128,-128,-128,-128,-128,
]