[2,0,-2,0,0,-3,1,-1,-1,-128,-1,-2,-1,0,-128,1,0,-2,1,1,-128,0,-6,0,-3,0,-128,-128,-128,-128,-128,-128,
0,3,-4,3,3,-4,0,1,-2,-128,1,-3,-2,2,-128,-1,1,-1,0,0,-128,-2,-5,-1,-3,2,-128,-128,-128,-128,-128,-128,
-2,-4,12,-5,-5,-4,-3,-3,-2,-128,-5,-6,-5,-4,-128,-3,-5,-4,0,-2,-128,-2,-8,-3,0,-5,-128,-128,-128,-128,-128,-128,
0,3,-5,4,3,-6,1,1,-2,-128,0,-4,-3,2,-128,-1,2,-1,0,0,-128,-2,-7,-1,-4,3,-128,-128,-128,-128,-128,-128,
0,3,-5,3,4,-5,0,1,-2,-128,0,-3,-2,1,-128,-1,2,-1,0,0,-128,-2,-7,-1,-4,3,-128,-128,-128,-128,-128,-128,
-3,-4,-4,-6,-5,9,-5,-2,1,-128,-5,2,0,-3,-128,-5,-5,-4,-3,-3,-128,-1,0,-2,7,-5,-128,-128,-128,-128,-128,-128,
1,0,-3,1,0,-5,5,-2,-3,-128,-2,-4,-3,0,-128,0,-1,-3,1,0,-128,-1,-7,-1,-5,0,-128,-128,-128,-128,-128,-128,
-1,1,-3,1,1,-2,-2,6,-2,-128,0,-2,-2,2,-128,0,3,2,-1,-1,-128,-2,-3,-1,0,2,-128,-128,-128,-128,-128,-128,
-1,-2,-2,-2,-2,1,-3,-2,5,-128,-2,2,2,-2,-128,-2,-2,-2,-1,0,-128,4,-5,-1,-1,-2,-128,-128,-128,-128,-128,-128,
-128,-128,-128,-128,-128,-128,-128,-128,-128,-128,-128,-128,-128,-128,-128,-128,-128,-128,-128,-128,-128,-128,-128,-128,-128,-128,-128,-128,-128,-128,-128,-128,
-1,1,-5,0,0,-5,-2,0,-2,-128,5,-3,0,1,-128,-1,1,3,0,0,-128,-2,-3,-1,-4,0,-128,-128,-128,-128,-128,-128,
-2,-3,-6,-4,-3,2,-4,-2,2,-128,-3,6,4,-3,-128,-3,-2,-3,-3,-2,-128,2,-2,-1,-1,-3,-128,-128,-128,-128,-128,-128,
-1,-2,-5,-3,-2,0,-3,-2,2,-128,0,4,6,-2,-128,-2,-1,0,-2,-1,-128,2,-4,-1,-2,-2,-128,-128,-128,-128,-128,-128,
0,2,-4,2,1,-3,0,2,-2,-128,1,-3,-2,2,-128,0,1,0,1,0,-128,-2,-4,0,-2,1,-128,-128,-128,-128,-128,-128,
-128,-128,-128,-128,-128,-128,-128,-128,-128,-128,-128,-128,-128,-128,-128,-128,-128,-128,-128,-128,-128,-128,-128,-128,-128,-128,-128,-128,-128,-128,-128,-128,
1,-1,-3,-1,-1,-5,0,0,-2,-128,-1,-3,-2,0,-128,6,0,0,1,0,-128,-1,-6,-1,-5,0,-128,-128,-128,-128,-128,-128,
0,1,-5,2,2,-5,-1,3,-2,-128,1,-2,-1,1,-128,0,4,1,-1,-1,-128,-2,-5,-1,-4,3,-128,-128,-128,-128,-128,-128,
-2,-1,-4,-1,-1,-4,-3,2,-2,-128,3,-3,0,0,-128,0,1,6,0,-1,-128,-2,2,-1,-4,0,-128,-128,-128,-128,-128,-128,
1,0,0,0,0,-3,1,-1,-1,-128,0,-3,-2,1,-128,1,-1,0,2,1,-128,-1,-2,0,-3,0,-128,-128,-128,-128,-128,-128,
1,0,-2,0,0,-3,0,-1,0,-128,0,-2,-1,0,-128,0,-1,-1,1,3,-128,0,-5,0,-3,-1,-128,-128,-128,-128,-128,-128,
-128,-128,-128,-128,-128,-128,-128,-128,-128,-128,-128,-128,-128,-128,-128,-128,-128,-128,-128,-128,-128,-128,-128,-128,-128,-128,-128,-128,-128,-128,-128,-128,
0,-2,-2,-2,-2,-1,-1,-2,4,-128,-2,2,2,-2,-128,-1,-2,-2,-1,0,-128,4,-6,-1,-2,-2,-128,-128,-128,-128,-128,-128,
-6,-5,-8,-7,-7,0,-7,-3,-5,-128,-3,-2,-4,-4,-128,-6,-5,2,-2,-5,-128,-6,17,-4,0,-6,-128,-128,-128,-128,-128,-128,
0,-1,-3,-1,-1,-2,-1,-1,-1,-128,-1,-1,-1,0,-128,-1,-1,-1,0,0,-128,-1,-4,-1,-2,-1,-128,-128,-128,-128,-128,-128,
-3,-3,0,-4,-4,7,-5,0,-1,-128,-4,-1,-2,-2,-128,-5,-4,-4,-3,-3,-128,-2,0,-2,10,-4,-128,-128,-128,-128,-128,-128,
0,2,-5,3,3,-5,0,2,-2,-128,0,-3,-2,1,-128,0,3,0,0,-1,-128,-2,-6,-1,-4,3,-128,-128,-128,-128,-128,-128,
-128,-128,-128,-128,-128,-128,-128,-128,-128,-128,-128,-128,-128,-128,-128,-128,-128,-128,-128,-128,-128,-128,-128,-128,-128,-128,-128,-128,-128,-128,-128,-128,
]